var

0   1   2   3   4   5   6   7   8   9  10  11  12  13  14  15  16  17  18  19  20  21  22  23  24
25  26  27  33  34  38  39  40  41  42  43  44  45  46  47  48  49  50  51  52  53  54  55  56  57  58  59  60  61  62
63  64  65  66  67  68  69  70  71  72  73  74  75  76  77  78  79  80  81  82  83  84  85  86  87  36  37  88  89  90  91  92
93  94  95  96  97  98

equ

0 1  2  3  4  5  6  7  8  9  10  11  12  13  14  15  16  17  18  19  20  21  22  23  24  25  26
27  28  29  30  31  32  33  34  35  36  37  38  39  40  41  42  43  44  45  46  47  52  53  54  55  56  57  58  59  60
61  62  63  64  65  66  67  68  69  70  71  73  74  75  76  77  78  79  80  81  82  84  86  85  72  87  88  89  90  91
92  94  95  96  97  98

var equ
0 97
1 98
2  3
3  0
4  24
5  25
6  5
7  2
8  12*
9  13*
10 6
11 9
12 14 *
13 15 *
14 4
15 1
16 16
17 17
18 18
19 19
20 20
21 21
22 7
23 8
24 11
25 10
26 22
27 23
28 48
29 49
30 50
31 83
32 93
33 96
34 96
35 51
36 35
37 72
38 55
39 58
40 70
41 69
42 53
43 91
44 68
45 67
46 63
47 71
48 64
49 52
50 92
51 81
52 38 *
53 39 *
54 40 *
55 56
56 57
57 41*
58 42*
59 43
60 44
61 45
62 29
63 62
64 61
65 46
66 47
67 54
68 59
69 60
70 36
71 82
72 37
73 90
74 86
75 35
76 87
77 94
78 31
79 27
80 32
81 33
82 34
83 88
84 89
85 26
86 30
87 28
88 79
89 80
90 84
91 66
92 73
93 65
94 74
95 75
96 76
97 77
98 78

